5116n573-u056-j728-h389-c7370b82,12,10,2026
5116n573-u056-j728-h389-c7370b82,12,10,2026
7991e467-4298-4de2-baa5-0303f83eaebd,12,10,2026
160b9bb7-3343-420c-8729-57db97b8855d,12,10,2026
f0b12aaf-a9d9-46c8-9c58-0c8c4849d5d2,12,10,2026
1e114572-d4e3-4ac3-961a-0698324c2d0e,12,10,2026
cbe6fdde-f069-4e7c-a4f0-feb934162c39,12,10,2026
8407f8db-b94f-4222-a7ee-ddb042e32a35,12,10,2026
da68955e-c245-440f-b20d-a619563b3494,12,10,2026
d466768d-e862-4160-b5ad-cf4ee1498cac,12,10,2026
654659dd-ae7e-4d33-9e92-b0b7e8ce748c,7,22,2026
b8c9aef6-61c0-4e82-a525-b82d722fab43,12,10,2026
a2c6e413-976c-40a7-b8f7-6da65e6a46bc,12,10,2026
375fdcb8-3dc9-4ad3-8941-ea82637e674f,12,10,2026
95122a91-f881-4ee3-9cb2-a39f3bbab906,8,26,2026
5affe794-992e-441e-867b-f9f88536d3af,8,26,2026
5047b327-af91-45be-b863-255c27aeac31,8,26,2026
95122a91-f881-4ee3-9cb2-a39f3bbab906,8,26,2026
977b675e-3e6a-43f7-b883-325b0902bd9b,8,26,2026
80249566-6bfa-45c3-8550-0c8a915f9633,8,26,2026
96485923-d9d4-465b-af2a-d3c85e2ca829,12,10,2026
fc3cad01-47e4-4b50-b217-45926b675bdb,9,10,2026
2b7538e3-bd21-488c-bcbd-88b511db9b1c,8,29,2026
d6b59e05-dece-4c09-bc28-c749c5f3163f,12,10,2026
d8e6705a-bb79-41aa-85b3-b7041a24f17a,12,10,2026
274746b5-1159-41bc-a8d9-8f9fcee88bbb,12,10,2026
d6411ed9-3166-4f88-b07e-61ddda08076b,12,10,2026
